
**  TIME =   200.00 day    1901-07-20

RESULTS PROP  Pressure   Units: psi
RESULTS PROP  Minimum Value:      2003.14   Maximum Value:      2016.89 
PRES ALL 
**  K = 1, J = 1
               0               0               0               0               0               0               0
               0               0               0               0               0               0
               0               0               0               0               0               0
               0               0               0               0               0               0
               0               0               0               0               0               0
               0               0               0               0               0               0
               0        2005.965        2005.962        2005.956        2005.949        2005.943
        2005.939        2005.937        2005.936               0               0               0
               0               0               0               0               0
**  K = 1, J = 2
               0               0               0               0               0               0               0
               0               0               0               0               0               0
               0               0               0               0               0               0
               0               0               0               0               0               0
               0               0               0               0               0               0
               0               0               0               0               0               0
               0        2005.974        2005.968        2005.959         2005.95        2005.942
        2005.937        2005.934        2005.933               0               0               0
               0               0               0               0               0
**  K = 1, J = 3
               0               0               0               0               0               0               0
               0               0               0               0               0               0
               0               0               0               0               0               0
               0               0               0               0               0               0
               0               0               0               0               0        2006.109
        2006.104        2006.094        2006.082        2006.073        2006.059        2006.038
        2006.016        2005.997        2005.982        2005.965         2005.95        2005.938
        2005.931        2005.927        2005.925               0               0               0
               0               0               0               0               0
**  K = 1, J = 4
               0               0               0               0               0               0               0
               0               0               0               0               0               0
               0               0               0               0               0               0
               0               0               0               0               0               0
               0               0               0               0               0        2006.131
        2006.123        2006.109        2006.094        2006.083        2006.068        2006.045
        2006.019        2005.998        2005.984        2005.966        2005.945         2005.93
         2005.92        2005.914        2005.912               0               0               0
               0               0               0               0               0
**  K = 1, J = 5
               0               0               0               0               0               0               0
               0               0               0               0               0               0
               0               0               0               0               0               0
               0               0               0               0               0               0
               0               0               0               0               0        2006.185
        2006.167        2006.141        2006.116        2006.099        2006.084        2006.059
        2006.025        2005.995        2005.974        2005.957        2005.936        2005.914
        2005.901        2005.893        2005.891               0               0               0
               0               0               0               0               0
**  K = 1, J = 6
               0               0               0               0               0               0               0
               0               0               0               0               0               0
               0               0               0               0               0               0
               0               0               0               0               0               0
               0               0               0               0               0        2006.268
        2006.245        2006.196        2006.152        2006.123        2006.097        2006.073
        2006.036        2005.995        2005.964        2005.937        2005.914        2005.896
        2005.881         2005.87        2005.863               0               0               0
               0               0               0               0               0
**  K = 1, J = 7
               0               0               0               0               0               0               0
               0               0               0               0               0               0
               0               0               0               0               0               0
               0               0               0               0               0               0
               0        2006.552        2006.518        2006.463        2006.405        2006.356
         2006.33        2006.275        2006.207        2006.161        2006.119        2006.075
        2006.036        2006.001        2005.965        2005.932        2005.905         2005.88
        2005.857        2005.835        2005.812        2005.785        2005.765        2005.752
        2005.744               0               0               0               0
**  K = 1, J = 8
               0               0               0               0               0               0               0
               0               0               0               0               0               0
               0               0               0               0               0               0
               0               0               0               0               0               0
               0        2006.645         2006.61        2006.545        2006.478        2006.421
        2006.371        2006.319        2006.264         2006.21        2006.158        2006.103
        2006.051        2006.005        2005.962        2005.922        2005.886        2005.854
        2005.824        2005.797        2005.772         2005.75        2005.733         2005.72
        2005.711               0               0               0               0
**  K = 1, J = 9
               0               0               0               0               0               0               0
               0               0               0               0               0               0
               0        2007.179        2007.161        2007.139        2007.104        2007.059
        2007.022            2007        2006.988        2006.978        2006.948        2006.891
        2006.826        2006.757        2006.707         2006.65        2006.585        2006.513
        2006.445        2006.381        2006.314        2006.247        2006.181        2006.117
        2006.055        2005.997        2005.942        2005.892        2005.846        2005.806
         2005.77        2005.739        2005.714        2005.694        2005.677        2005.663
        2005.648        2005.625        2005.611        2005.603        2005.599
**  K = 1, J = 10
               0               0               0               0               0               0               0
               0               0               0               0               0               0
               0        2007.263        2007.205        2007.141         2007.09        2007.033
        2006.994        2006.988        2006.994        2006.995        2006.987         2006.96
        2006.917        2006.861        2006.802        2006.739         2006.67        2006.594
        2006.515        2006.436        2006.356        2006.275        2006.195        2006.116
         2006.04        2005.966        2005.896         2005.83        2005.772        2005.723
        2005.683        2005.651        2005.628        2005.611        2005.598        2005.587
        2005.578         2005.57        2005.568        2005.578        2005.582
**  K = 1, J = 11
        2009.227        2009.221        2009.202        2009.161        2009.109        2009.054        2009.007
        2008.923        2008.771        2008.608        2008.474        2008.365        2008.254
        2008.001        2007.625        2007.358        2007.156        2007.001        2006.906
        2006.907        2006.953        2007.005        2007.043        2007.062        2007.057
        2007.027        2006.977        2006.915        2006.843        2006.764        2006.678
        2006.588        2006.493        2006.397        2006.299        2006.199        2006.099
            2006        2005.903         2005.81        2005.724         2005.65         2005.59
        2005.546        2005.517        2005.498        2005.486        2005.478         2005.47
        2005.462        2005.454        2005.449               0               0
**  K = 1, J = 12
        2009.251        2009.246        2009.237        2009.209        2009.155        2009.099         2009.05
         2009.01        2008.904        2008.741        2008.598        2008.461        2008.292
        2008.074        2007.817        2007.509        2007.172         2006.85        2006.628
        2006.732        2006.895        2007.046        2007.157        2007.221        2007.235
        2007.207         2007.15        2007.073        2006.984        2006.885        2006.779
        2006.669        2006.554        2006.436        2006.315        2006.191        2006.064
        2005.936        2005.806        2005.677        2005.555        2005.448        2005.365
        2005.319          2005.3        2005.296        2005.297          2005.3          2005.3
        2005.295        2005.288        2005.284               0               0
**  K = 1, J = 13
        2009.295         2009.29        2009.283        2009.276        2009.243         2009.19         2009.14
         2009.09        2009.031        2008.941        2008.833        2008.707        2008.563
        2008.384        2008.131        2007.767        2007.266        2006.524        2005.275
        2006.345        2006.969        2007.329        2007.518        2007.588        2007.573
        2007.506        2007.406         2007.29        2007.164        2007.032        2006.896
        2006.758        2006.618        2006.475        2006.329        2006.179        2006.023
        2005.857         2005.68        2005.491        2005.289        2005.082        2004.906
        2004.893        2004.934        2004.985        2005.029        2005.061        2005.081
        2005.093        2005.099          2005.1               0               0
**  K = 1, J = 14
        2009.354        2009.349        2009.341         2009.33        2009.317        2009.293        2009.261
        2009.222        2009.182        2009.134        2009.074        2009.001         2008.92
        2008.835        2008.734        2008.606        2008.453        2008.297        2008.194
        2008.366        2008.493         2008.51        2008.436        2008.302        2008.134
        2007.945         2007.75        2007.557         2007.37         2007.19        2007.017
        2006.848        2006.681        2006.514        2006.346        2006.175        2005.993
        2005.794        2005.563        2005.281        2004.913        2004.372        2003.462
        2004.049        2004.391        2004.601        2004.735        2004.818        2004.868
        2004.899        2004.919        2004.927               0               0
**  K = 1, J = 15
        2009.403          2009.4        2009.395        2009.387        2009.378        2009.367        2009.353
        2009.336         2009.32        2009.306        2009.298        2009.297        2009.309
        2009.348        2009.429        2009.572        2009.803        2010.155        2010.628
        2011.039        2010.712        2010.189         2009.66        2009.184        2008.769
        2008.405        2008.082        2007.795         2007.54        2007.312        2007.105
        2006.912        2006.727        2006.546        2006.365        2006.183        2005.993
        2005.785        2005.552        2005.294        2005.013         2004.72        2004.465
        2004.439        2004.495        2004.569        2004.634        2004.686        2004.725
        2004.753        2004.772        2004.782               0               0
**  K = 1, J = 16
        2009.432        2009.432         2009.43        2009.428        2009.427        2009.426        2009.426
        2009.429        2009.438        2009.455        2009.487        2009.541        2009.629
        2009.773        2010.009        2010.392        2011.016        2012.047        2013.796
        2016.892        2013.785        2011.924        2010.708        2009.844        2009.186
        2008.661        2008.228        2007.866        2007.566        2007.316          2007.1
        2006.906        2006.723        2006.541        2006.357         2006.17        2005.974
        2005.765        2005.541        2005.305        2005.071        2004.858         2004.69
        2004.598        2004.566        2004.568        2004.584        2004.607        2004.628
        2004.646        2004.659        2004.666               0               0
**  K = 1, J = 17
         2009.46         2009.46        2009.462        2009.464        2009.468        2009.474        2009.484
        2009.499        2009.523        2009.557        2009.609        2009.683         2009.79
        2009.944        2010.165        2010.468        2010.867        2011.353        2011.865
        2012.187        2011.696        2010.987        2010.272        2009.613        2009.018
        2008.486        2008.019        2007.631        2007.339        2007.118         2006.94
        2006.781        2006.627        2006.466        2006.292        2006.104        2005.901
        2005.681        2005.437        2005.177        2004.929        2004.728        2004.599
        2004.531        2004.504        2004.502        2004.514         2004.53        2004.546
         2004.56        2004.571        2004.576               0               0
**  K = 1, J = 18
        2009.485        2009.486        2009.489        2009.493          2009.5         2009.51        2009.525
        2009.545        2009.572        2009.609        2009.659        2009.726        2009.813
        2009.924        2010.063        2010.225        2010.399        2010.561        2010.664
        2010.634          2010.4        2010.021        2009.557        2009.048        2008.512
        2007.958        2007.408        2006.938        2006.759        2006.676        2006.613
         2006.54        2006.447        2006.326        2006.174        2005.989        2005.768
        2005.506        2005.193        2004.859        2004.549        2004.314        2004.272
        2004.298         2004.34        2004.383         2004.42         2004.45        2004.473
         2004.49        2004.502        2004.507               0               0
**  K = 1, J = 19
        2009.505        2009.507         2009.51        2009.516        2009.524        2009.535        2009.549
        2009.568        2009.593        2009.623        2009.661        2009.706         2009.76
         2009.82        2009.883        2009.943        2009.988        2010.003        2009.966
        2009.854         2009.65        2009.356        2008.982        2008.531        2007.985
        2007.301        2006.376        2004.976        2005.735        2006.098         2006.26
        2006.307        2006.281        2006.197        2006.062        2005.873        2005.625
        2005.313        2004.948        2004.512        2003.954         2003.14        2003.693
        2003.998        2004.176        2004.282        2004.349        2004.395        2004.424
        2004.444        2004.456        2004.462               0               0
**  K = 1, J = 20
        2009.521        2009.523        2009.526        2009.532        2009.539        2009.549        2009.561
        2009.576        2009.594        2009.614        2009.637        2009.661        2009.684
        2009.704        2009.717        2009.717        2009.697        2009.648        2009.559
        2009.422         2009.23        2008.982        2008.679        2008.324        2007.921
        2007.477        2007.016        2006.609        2006.483        2006.444        2006.415
         2006.37        2006.294        2006.181        2006.028        2005.825         2005.58
        2005.312        2005.027        2004.732        2004.453        2004.239        2004.214
        2004.248        2004.293        2004.334        2004.368        2004.394        2004.413
        2004.426        2004.435        2004.439               0               0
**  K = 1, J = 21
        2009.532        2009.534        2009.537        2009.541        2009.548        2009.556        2009.565
        2009.576        2009.587        2009.598        2009.608        2009.616        2009.618
        2009.614        2009.598        2009.566        2009.515        2009.439        2009.332
         2009.19        2009.011        2008.796        2008.546        2008.267        2007.968
         2007.66        2007.363        2007.103        2006.905        2006.755        2006.632
        2006.515        2006.385        2006.231        2006.047        2005.833        2005.605
        2005.374        2005.144        2004.925        2004.731        2004.584        2004.495
        2004.448        2004.426        2004.417        2004.417        2004.419        2004.424
        2004.428        2004.431        2004.432               0               0
**  K = 1, J = 22
        2009.538        2009.539        2009.542        2009.546        2009.551        2009.558        2009.566
        2009.573        2009.581        2009.587        2009.591         2009.59        2009.582
        2009.565        2009.536        2009.492        2009.428        2009.342        2009.229
        2009.088        2008.917        2008.719        2008.496        2008.255        2008.002
        2007.749        2007.505        2007.282        2007.084        2006.911        2006.757
        2006.611        2006.455        2006.278        2006.078        2005.859        2005.635
        2005.419        2005.212        2005.019        2004.849        2004.713        2004.614
        2004.544        2004.497        2004.468         2004.45         2004.44        2004.435
        2004.433        2004.433        2004.433               0               0
